x<-c(1,2,3)
y<-c(7,8,9)
